0 0 0.0031027 0.00620535 0.00930785 0.0124101 0.015512 0.0186135 0.0217144
0.0248147 0.0279142 0.0310129 0.0341107 0.0372075 0.0403031 0.0433974
0.0464905 0.0495821 0.0526722 0.0557606 0.0588474 0.0619323 0.0650153
0.0680963 0.0711752 0.0742519 0.0773263 0.0803982 0.0834677 0.0865346
0.0895987 0.0926601 0.0957186 0.0987742 0.101827 0.104876 0.107922
0.110965 0.114004 0.117039 0.120071 0.1231 0.126124 0.129144 0.132161
0.135173 0.138181 0.141185 0.144184 0.147179 0.15017 0.153155 0.156136
0.159112 0.162083 0.165049 0.16801 0.170966 0.173916 0.176861 0.179801
0.182734 0.185663 0.188585 0.191502 0.194412 0.197317 0.200215 0.203108
0.205994 0.208873 0.211746 0.214613 0.217473 0.220326 0.223173 0.226012
0.228845 0.231671 0.234489 0.2373 0.240104 0.242901 0.24569 0.248472
0.251246 0.254012 0.25677 0.259521 0.262264 0.264998 0.267725 0.270443
0.273153 0.275855 0.278549 0.281233 0.28391 0.286578 0.289237 0.291887
0.294528 0.297161 0.299785 0.302399 0.305004 0.3076 0.310187 0.312765
0.315333 0.317892 0.320441 0.32298 0.32551 0.32803 0.33054 0.333041
0.335531 0.338011 0.340482 0.342942 0.345392 0.347832 0.350261 0.35268
0.355089 0.357487 0.359874 0.362251 0.364618 0.366973 0.369318 0.371652
0.373975 0.376287 0.378588 0.380878 0.383157 0.385424 0.387681 0.389926
0.39216 0.394383 0.396594 0.398793 0.400981 0.403158 0.405323 0.407476
0.409618 0.411748 0.413866 0.415972 0.418066 0.420149 0.422219 0.424278
0.426324 0.428358 0.430381 0.432391 0.434389 0.436374 0.438348 0.440309
0.442258 0.444194 0.446118 0.44803 0.449929 0.451815 0.453689 0.455551
0.457399 0.459236 0.461059 0.46287 0.464668 0.466454 0.468227 0.469987
0.471734 0.473468 0.475189 0.476898 0.478594 0.480277 0.481946 0.483603
0.485247 0.486878 0.488496 0.490101 0.491693 0.493272 0.494837 0.49639
0.497929 0.499456 0.500969 0.502469 0.503956 0.50543 0.506891 0.508339
0.509773 0.511194 0.512602 0.513997 0.515379 0.516747 0.518102 0.519444
0.520773 0.522089 0.523391 0.52468 0.525956 0.527219 0.528468 0.529704
0.530927 0.532137 0.533334 0.534517 0.535688 0.536845 0.537989 0.539119
0.540237 0.541341 0.542433 0.543511 0.544576 0.545628 0.546667 0.547693
0.548705 0.549705 0.550692 0.551666 0.552626 0.553574 0.554509 0.55543
0.556339 0.557235 0.558118 0.558988 0.559845 0.56069 0.561522 0.56234
0.563147 0.56394 0.564721 0.565489 0.566244 0.566987 0.567717 0.568435
0.56914 0.569832 0.570512 0.57118 0.571835 0.572478 0.573108 0.573726
0.574332 0.574926 0.575507 0.576076 0.576633 0.577178 0.577711 0.578232
0.578741 0.579238 0.579723 0.580196 0.580657 0.581106 0.581544 0.58197
0.582384 0.582787 0.583178 0.583557 0.583925 0.584282 0.584627 0.584961
0.585283 0.585594 0.585894 0.586183 0.586461 0.586727 0.586983 0.587227
0.587461 0.587684 0.587896 0.588097 0.588287 0.588467 0.588636 0.588795
0.588943 0.58908 0.589207 0.589324 0.589431 0.589527 0.589613 0.589689
0.589755 0.589811 0.589857 0.589893 0.589919 0.589936 0.589942 0.58994
0.589927 0.589905 0.589874 0.589833 0.589782 0.589723 0.589654 0.589576
0.589489 0.589393 0.589288 0.589174 0.589051 0.588919 0.588779 0.58863
0.588472 0.588306 0.588132 0.587949 0.587757 0.587558 0.58735 0.587134
0.58691 0.586678 0.586438 0.586191 0.585935 0.585672 0.585401 0.585123
0.584837 0.584543 0.584243 0.583935 0.583619 0.583297 0.582967 0.582631
0.582287 0.581937 0.58158 0.581216 0.580845 0.580468 0.580084 0.579694
0.579297 0.578895 0.578485 0.57807 0.577649 0.577221 0.576788 0.576349
0.575904 0.575453 0.574997 0.574535 0.574067 0.573595 0.573116 0.572633
0.572144 0.57165 0.571151 0.570647 0.570138 0.569624 0.569106 0.568583
0.568055 0.567522 0.566986 0.566444 0.565899 0.565349 0.564795 0.564237
0.563674 0.563108 0.562538 0.561964 0.561387 0.560805 0.56022 0.559632
0.55904 0.558445 0.557846 0.557244 0.556639 0.556031 0.55542 0.554806
0.554189 0.55357 0.552947 0.552322 0.551695 0.551064 0.550432 0.549797
0.54916 0.54852 0.547879 0.547235 0.546589 0.545942 0.545292 0.544641
0.543988 0.543333 0.542677 0.542019 0.54136 0.540699 0.540037 0.539374
0.53871 0.538044 0.537378 0.53671 0.536042 0.535372 0.534703 0.534032
0.533361 0.532689 0.532016 0.531344 0.53067 0.529997 0.529323 0.528649
0.527975 0.527301 0.526627 0.525953 0.52528 0.524606 0.523933 0.52326
0.522588 0.521915 0.521244 0.520573 0.519903 0.519233 0.518564 0.517896
0.517229 0.516563 0.515898 0.515234 0.514571 0.51391 0.513249 0.51259
0.511932 0.511276 0.510621 0.509967 0.509316 0.508666 0.508017 0.50737
0.506726 0.506083 0.505441 0.504802 0.504165 0.50353 0.502897 0.502267
0.501638 0.501012 0.500388 0.499766 0.499147 0.498531 0.497917 0.497305
0.496696 0.49609 0.495487 0.494886 0.494288 0.493693 0.493101 0.492512
0.491925 0.491342 0.490762 0.490185 0.489611 0.489041 0.488473 0.487909
0.487349 0.486791 0.486237 0.485687 0.48514 0.484597 0.484057 0.48352
0.482988 0.482459 0.481934 0.481412 0.480895 0.480381 0.479871 0.479365
0.478863 0.478365 0.47787 0.47738 0.476894 0.476412 0.475934 0.475461
0.474991 0.474526 0.474065 0.473608 0.473155 0.472707 0.472263 0.471824
0.471389 0.470958 0.470532 0.47011 0.469693 0.46928 0.468872 0.468469
0.46807 0.467676 0.467286 0.466901 0.46652 0.466145 0.465774 0.465408
0.465046 0.46469 0.464338 0.463991 0.463648 0.463311 0.462979 0.462651
0.462328 0.46201 0.461697 0.461389 0.461086 0.460788 0.460495 0.460206
0.459923 0.459645 0.459372 0.459103 0.45884 0.458582 0.458329 0.458081
0.457837 0.457599 0.457366 0.457139 0.456916 0.456698 0.456485 0.456278
0.456075 0.455878 0.455685 0.455498 0.455316 0.455139 0.454967 0.4548
0.454638 0.454482 0.45433 0.454183 0.454042 0.453906 0.453774 0.453648
0.453527 0.453411 0.4533 0.453194 0.453093 0.452997 0.452906 0.45282
0.45274 0.452664 0.452593 0.452527 0.452466 0.45241 0.45236 0.452314
0.452273 0.452237 0.452205 0.452179 0.452158 0.452141 0.45213 0.452123
0.452121 0.452124 0.452132 0.452144 0.452161 0.452183 0.45221 0.452242
0.452278 0.452319 0.452364 0.452415 0.452469 0.452529 0.452593 0.452661
0.452735 0.452812 0.452895 0.452981 0.453072 0.453168 0.453268 0.453373
0.453481 0.453595 0.453712 0.453834 0.45396 0.45409 0.454225 0.454364
0.454507 0.454654 0.454805 0.45496 0.45512 0.455283 0.455451 0.455622
0.455798 0.455977 0.45616 0.456348 0.456539 0.456733 0.456932 0.457135
0.457341 0.457551 0.457764 0.457981 0.458202 0.458426 0.458654 0.458885
0.45912 0.459359 0.4596 0.459845 0.460094 0.460346 0.460601 0.460859
0.46112 0.461385 0.461653 0.461924 0.462198 0.462475 0.462755 0.463038
0.463324 0.463613 0.463905 0.4642 0.464497 0.464797 0.4651 0.465406
0.465714 0.466025 0.466338 0.466654 0.466973 0.467293 0.467617 0.467943
0.468271 0.468601 0.468934 0.469269 0.469606 0.469945 0.470287 0.47063
0.470976 0.471323 0.471673 0.472024 0.472378 0.472733 0.47309 0.473449
0.473809 0.474172 0.474535 0.474901 0.475268 0.475637 0.476007 0.476379
0.476752 0.477126 0.477502 0.477879 0.478258 0.478637 0.479018 0.4794
0.479783 0.480167 0.480552 0.480939 0.481326 0.481714 0.482103 0.482492
0.482883 0.483274 0.483666 0.484059 0.484452 0.484846 0.485241 0.485636
0.486031 0.486427 0.486824 0.48722 0.487617 0.488015 0.488412 0.48881
0.489208 0.489606 0.490005 0.490403 0.490801 0.491199 0.491598 0.491996
0.492394 0.492792 0.493189 0.493587 0.493984 0.494381 0.494777 0.495173
0.495569 0.495964 0.496359 0.496753 0.497146 0.497539 0.497932 0.498323
0.498714 0.499104 0.499494 0.499882 0.50027 0.500657 0.501043 0.501427
0.501811 0.502194 0.502576 0.502957 0.503336 0.503715 0.504092 0.504468
0.504843 0.505216 0.505588 0.505959 0.506328 0.506696 0.507063 0.507428
0.507791 0.508153 0.508514 0.508872 0.509229 0.509585 0.509938 0.510291
0.510641 0.510989 0.511336 0.51168 0.512023 0.512364 0.512703 0.513041
0.513376 0.513709 0.51404 0.514369 0.514696 0.51502 0.515343 0.515663
0.515982 0.516298 0.516612 0.516923 0.517232 0.517539 0.517844 0.518146
0.518446 0.518743 0.519038 0.51933 0.51962 0.519908 0.520193 0.520475
0.520755 0.521032 0.521307 0.521579 0.521848 0.522115 0.522379 0.52264
0.522899 0.523154 0.523407 0.523658 0.523905 0.52415 0.524392 0.524631
0.524867 0.5251 0.52533 0.525558 0.525782 0.526004 0.526222 0.526438
0.52665 0.52686 0.527067 0.52727 0.527471 0.527668 0.527863 0.528054
0.528242 0.528427 0.528609 0.528788 0.528964 0.529137 0.529306 0.529473
0.529636 0.529796 0.529953 0.530106 0.530257 0.530404 0.530548 0.530689
0.530826 0.530961 0.531092 0.531219 0.531344 0.531465 0.531583 0.531698
0.53181 0.531918 0.532023 0.532125 0.532223 0.532318 0.53241 0.532499
0.532584 0.532666 0.532745 0.53282 0.532893 0.532961 0.533027 0.533089
0.533148 0.533204 0.533256 0.533305 0.533351 0.533394 0.533433 0.533469
0.533502 0.533531 0.533558 0.533581 0.5336 0.533617 0.53363 0.53364
0.533647 0.53365 0.533651 0.533648 0.533642 0.533632 0.53362 0.533604
0.533585 0.533563 0.533538 0.53351 0.533478 0.533444 0.533406 0.533365
0.533321 0.533274 0.533224 0.533171 0.533115 0.533055 0.532993 0.532928
0.53286 0.532788 0.532714 0.532637 0.532556 0.532473 0.532387 0.532298
0.532206 0.532111 0.532014 0.531913 0.53181 0.531703 0.531594 0.531483
0.531368 0.531251 0.531131 0.531008 0.530882 0.530754 0.530623 0.53049
0.530353 0.530214 0.530073 0.529929 0.529782 0.529633 0.529482 0.529328
0.529171 0.529012 0.52885 0.528686 0.52852 0.528351 0.52818 0.528006
0.527831 0.527652 0.527472 0.527289 0.527104 0.526917 0.526728 0.526536
0.526343 0.526147 0.525949 0.525749 0.525547 0.525343 0.525137 0.524929
0.524719 0.524507 0.524293 0.524077 0.52386 0.52364 0.523419 0.523196
0.522971 0.522744 0.522516 0.522286 0.522054 0.521821 0.521586 0.521349
0.521111 0.520871 0.52063 0.520387 0.520143 0.519898 0.519651 0.519402
0.519152 0.518901 0.518649 0.518395 0.51814 0.517884 0.517627 0.517368
0.517108 0.516847 0.516585 0.516322 0.516058 0.515793 0.515527 0.51526
0.514992 0.514723 0.514454 0.514183 0.513912 0.51364 0.513367 0.513093
0.512818 0.512543 0.512268 0.511991 0.511714 0.511437 0.511158 0.51088
0.510601 0.510321 0.510041 0.509761 0.50948 0.509198 0.508917 0.508635
0.508353 0.508071 0.507788 0.507505 0.507222 0.506939 0.506656 0.506373
0.50609 0.505806 0.505523 0.505239 0.504956 0.504673 0.50439 0.504107
0.503824 0.503542 0.503259 0.502977 0.502695 0.502414 0.502132 0.501851
0.501571 0.501291 0.501011 0.500732 0.500453 0.500174 0.499897 0.499619
0.499343 0.499067 0.498791 0.498516 0.498242 0.497969 0.497696 0.497424
0.497153 0.496883 0.496613 0.496344 0.496077 0.49581 0.495544 0.495279
0.495015 0.494751 0.494489 0.494228 0.493968 0.493709 0.493452 0.493195
0.49294 0.492685 0.492432 0.49218 0.491929 0.49168 0.491432 0.491185
0.49094 0.490696 0.490453 0.490211 0.489971 0.489733 0.489496 0.48926
0.489026 0.488793 0.488562 0.488333 0.488105 0.487879 0.487654 0.487431
0.487209 0.486989 0.486771 0.486555 0.48634 0.486127 0.485916 0.485706
0.485499 0.485293 0.485089 0.484887 0.484686 0.484488 0.484291 0.484096
0.483904 0.483713 0.483524 0.483337 0.483152 0.482969 0.482788 0.482609
0.482432 0.482257 0.482084 0.481913 0.481745 0.481578 0.481414 0.481251
0.481091 0.480933 0.480777 0.480623 0.480472 0.480322 0.480175 0.48003
0.479888 0.479747 0.479609 0.479473 0.479339 0.479207 0.479078 0.478951
0.478827 0.478704 0.478584 0.478467 0.478351 0.478238 0.478127 0.478019
0.477913 0.477809 0.477708 0.477609 0.477513 0.477418 0.477327 0.477237
0.47715 0.477066 0.476983 0.476904 0.476826 0.476751 0.476679 0.476609
0.476541 0.476476 0.476413 0.476353 0.476295 0.476239 0.476186 0.476136
0.476087 0.476042 0.475998 0.475958 0.475919 0.475883 0.47585 0.475819
0.47579 0.475764 0.47574 0.475719 0.4757 0.475683 0.475669 0.475658
0.475648 0.475642 0.475637 0.475635 0.475636 0.475639 0.475644 0.475652
0.475662 0.475674 0.475689 0.475706 0.475726 0.475748 0.475773 0.475799
0.475828 0.47586 0.475894 0.47593 0.475968 0.476009 0.476052 0.476097
0.476145 0.476195 0.476247 0.476301 0.476358 0.476417 0.476479 0.476542
0.476608 0.476676 0.476746 0.476818 0.476893 0.476969 0.477048 0.477129
0.477212 0.477298 0.477385 0.477474 0.477566 0.47766 0.477756 0.477853
0.477953 0.478055 0.478159 0.478265 0.478373 0.478483 0.478595 0.478709
0.478824 0.478942 0.479062 0.479183 0.479307 0.479432 0.479559 0.479688
0.479819 0.479952 0.480086 0.480222 0.48036 0.4805 0.480642 0.480785
0.48093 0.481076 0.481224 0.481374 0.481526 0.481679 0.481834 0.48199
0.482148 0.482307 0.482468 0.482631 0.482795 0.48296 0.483127 0.483296
0.483465 0.483637 0.483809 0.483983 0.484158 0.484335 0.484513 0.484692
0.484873 0.485055 0.485238 0.485422 0.485607 0.485794 0.485982 0.486171
0.486361 0.486552 0.486744 0.486938 0.487132 0.487327 0.487524 0.487721
0.487919 0.488119 0.488319 0.48852 0.488722 0.488925 0.489128 0.489333
0.489538 0.489744 0.489951 0.490158 0.490367 0.490576 0.490785 0.490995
0.491206 0.491418 0.49163 0.491843 0.492056 0.49227 0.492484 0.492699
0.492914 0.493129 0.493346 0.493562 0.493779 0.493996 0.494214 0.494431
0.49465 0.494868 0.495087 0.495306 0.495525 0.495744 0.495963 0.496183
0.496403 0.496622 0.496842 0.497062 0.497282 0.497502 0.497722 0.497942
0.498162 0.498382 0.498602 0.498822 0.499041 0.499261 0.49948 0.499699
0.499918 0.500136 0.500355 0.500573 0.500791 0.501008 0.501225 0.501442
0.501659 0.501875 0.50209 0.502305 0.50252 0.502734 0.502948 0.503161
0.503374 0.503586 0.503798 0.504009 0.504219 0.504429 0.504638 0.504847
0.505054 0.505261 0.505468 0.505673 0.505878 0.506082 0.506285 0.506488
0.506689 0.50689 0.50709 0.507289 0.507487 0.507684 0.50788 0.508076
0.50827 0.508463 0.508656 0.508847 0.509037 0.509226 0.509414 0.509601
0.509787 0.509972 0.510155 0.510338 0.510519 0.510699 0.510878 0.511055
0.511232 0.511407 0.511581 0.511753 0.511925 0.512095 0.512263 0.512431
0.512597 0.512761 0.512924 0.513086 0.513247 0.513406 0.513563 0.513719
0.513874 0.514027 0.514179 0.514329 0.514478 0.514625 0.51477 0.514914
0.515057 0.515198 0.515337 0.515475 0.515611 0.515745 0.515878 0.51601
0.516139 0.516267 0.516393 0.516518 0.516641 0.516762 0.516882 0.516999
0.517115 0.51723 0.517342 0.517453 0.517562 0.517669 0.517775 0.517879
0.517981 0.518081 0.518179 0.518276 0.51837 0.518463 0.518554 0.518643
0.518731 0.518816 0.5189 0.518982 0.519062 0.51914 0.519216 0.51929
0.519363 0.519433 0.519502 0.519568 0.519633 0.519696 0.519757 0.519816
0.519873 0.519929 0.519982 0.520033 0.520083 0.52013 0.520176 0.52022
0.520261 0.520301 0.520339 0.520375 0.520409 0.520441 0.520471 0.520499
0.520525 0.520549 0.520572 0.520592 0.52061 0.520627 0.520641 0.520654
0.520665 0.520673 0.52068 0.520685 0.520688 0.520689 0.520688 0.520685
0.52068 0.520673 0.520665 0.520654 0.520642 0.520627 0.520611 0.520593
0.520573 0.520551 0.520527 0.520501 0.520473 0.520444 0.520413 0.520379
0.520344 0.520307 0.520269 0.520228 0.520185 0.520141 0.520095 0.520047
0.519997 0.519946 0.519893 0.519837 0.51978 0.519722 0.519661 0.519599
0.519535 0.51947 0.519402 0.519333 0.519262 0.51919 0.519116 0.51904
0.518962 0.518883 0.518802 0.518719 0.518635 0.518549 0.518462 0.518373
0.518282 0.51819 0.518096 0.518 0.517904 0.517805 0.517705 0.517603
0.5175 0.517396 0.51729 0.517182 0.517073 0.516963 0.516851 0.516738
0.516623 0.516507 0.516389 0.51627 0.51615 0.516029 0.515906 0.515781
0.515656 0.515529 0.515401 0.515272 0.515141 0.515009 0.514876 0.514742
0.514606 0.514469 0.514331 0.514192 0.514052 0.513911 0.513768 0.513625
0.51348 0.513335 0.513188 0.51304 0.512891 0.512742 0.512591 0.512439
0.512287 0.512133 0.511978 0.511823 0.511667 0.511509 0.511351 0.511192
0.511033 0.510872 0.510711 0.510548 0.510385 0.510222 0.510057 0.509892
0.509726 0.50956 0.509393 0.509225 0.509056 0.508887 0.508718 0.508547
0.508377 0.508205 0.508033 0.507861 0.507688 0.507515 0.507341 0.507166
0.506992 0.506817 0.506641 0.506465 0.506289 0.506112 0.505935 0.505758
0.50558 0.505403 0.505224 0.505046 0.504868 0.504689 0.50451 0.504331
0.504152 0.503972 0.503793 0.503613 0.503433 0.503254 0.503074 0.502894
0.502714 0.502534 0.502354 0.502174 0.501995 0.501815 0.501635 0.501456
0.501277 0.501097 0.500918 0.500739 0.500561 0.500382 0.500204 0.500026
0.499848 0.49967 0.499493 0.499316 0.49914 0.498963 0.498787 0.498612
0.498437 0.498262 0.498088 0.497914 0.49774 0.497567 0.497395 0.497223
0.497051 0.49688 0.49671 0.49654 0.496371 0.496202 0.496034 0.495867
0.4957 0.495534 0.495368 0.495204 0.495039 0.494876 0.494714 0.494552
0.494391 0.49423 0.494071 0.493912 0.493754 0.493597 0.493441 0.493285
0.493131 0.492977 0.492824 0.492673 0.492522 0.492372 0.492223 0.492075
0.491928 0.491782 0.491637 0.491492 0.491349 0.491207 0.491067 0.490927
0.490788 0.49065 0.490514 0.490378 0.490244 0.490111 0.489979 0.489848
0.489718 0.48959 0.489462 0.489336 0.489211 0.489088 0.488965 0.488844
0.488724 0.488606 0.488488 0.488372 0.488257 0.488144 0.488032 0.487921
0.487812 0.487703 0.487597 0.487491 0.487387 0.487284 0.487183 0.487083
0.486985 0.486888 0.486792 0.486698 0.486605 0.486514 0.486424 0.486335
0.486248 0.486163 0.486079 0.485996 0.485915 0.485836 0.485758 0.485681
0.485606 0.485533 0.485461 0.48539 0.485321 0.485254 0.485188 0.485124
0.485061 0.485 0.48494 0.484882 0.484825 0.484771 0.484717 0.484665
0.484615 0.484567 0.48452 0.484474 0.48443 0.484388 0.484348 0.484309
0.484271 0.484235 0.484201 0.484169 0.484138 0.484108 0.484081 0.484054
0.48403 0.484007 0.483986 0.483966 0.483948 0.483932 0.483917 0.483903
0.483892 0.483882 0.483874 0.483867 0.483862 0.483858 0.483856 0.483856
0.483857 0.48386 0.483864 0.483871 0.483878 0.483888 0.483898 0.483911
0.483925 0.483941 0.483958 0.483977 0.483997 0.484019 0.484043 0.484068
0.484094 0.484123 0.484152 0.484184 0.484217 0.484251 0.484287 0.484324
0.484363 0.484404 0.484446 0.484489 0.484534 0.484581 0.484629 0.484678
0.484729 0.484782 0.484836 0.484891 0.484948 0.485006 0.485066 0.485127
0.485189 0.485253 0.485319 0.485386 0.485454 0.485523 0.485594 0.485667
0.48574 0.485815 0.485892 0.485969 0.486048 0.486129 0.48621 0.486293
0.486377 0.486463 0.48655 0.486638 0.486727 0.486817 0.486909 0.487002
0.487096 0.487192 0.487288 0.487386 0.487485 0.487585 0.487686 0.487789
0.487892 0.487997 0.488103 0.48821 0.488317 0.488426 0.488536 0.488648
0.48876 0.488873 0.488987 0.489102 0.489218 0.489335 0.489454 0.489573
0.489693 0.489814 0.489935 0.490058 0.490182 0.490306 0.490432 0.490558
0.490685 0.490813 0.490942 0.491071 0.491201 0.491333 0.491464 0.491597
0.49173 0.491864 0.491999 0.492135 0.492271 0.492407 0.492545 0.492683
0.492822 0.492961 0.493101 0.493241 0.493382 0.493524 0.493666 0.493809
0.493952 0.494096 0.49424 0.494385 0.49453 0.494676 0.494822 0.494968
0.495115 0.495262 0.49541 0.495557 0.495706 0.495854 0.496003 0.496152
0.496302 0.496452 0.496602 0.496752 0.496903 0.497053 0.497204 0.497355
0.497506 0.497658 0.497809 0.497961 0.498113 0.498265 0.498417 0.498569
0.498721 0.498873 0.499025 0.499177 0.499329 0.499481 0.499633 0.499785
0.499937 0.500089 0.500241 0.500393 0.500544 0.500696 0.500847 0.500998
0.501149 0.5013 0.50145 0.5016 0.50175 0.5019 0.50205 0.502199 0.502348
0.502497 0.502645 0.502793 0.502941 0.503088 0.503235 0.503381 0.503527
0.503673 0.503818 0.503963 0.504108 0.504252 0.504395 0.504538 0.50468
0.504822 0.504964 0.505104 0.505245 0.505384 0.505524 0.505662 0.5058
0.505937 0.506074 0.50621 0.506345 0.50648 0.506614 0.506747 0.506879
0.507011 0.507142 0.507273 0.507402 0.507531 0.507659 0.507786 0.507913
0.508038 0.508163 0.508287 0.50841 0.508532 0.508654 0.508774 0.508894
0.509013 0.50913 0.509247 0.509363 0.509478 0.509592 0.509705 0.509817
0.509929 0.510039 0.510148 0.510256 0.510363 0.510469 0.510574 0.510678
0.510781 0.510883 0.510983 0.511083 0.511182 0.511279 0.511375 0.511471
0.511565 0.511658 0.51175 0.51184 0.51193 0.512018 0.512105 0.512192
0.512276 0.51236 0.512442 0.512524 0.512604 0.512682 0.51276 0.512836
0.512912 0.512985 0.513058 0.513129 0.5132 0.513268 0.513336 0.513402
0.513467 0.513531 0.513593 0.513654 0.513714 0.513773 0.51383 0.513886
0.51394 0.513994 0.514045 0.514096 0.514145 0.514193 0.51424 0.514285
0.514329 0.514371 0.514412 0.514452 0.514491 0.514528 0.514563 0.514598
0.514631 0.514662 0.514693 0.514721 0.514749 0.514775 0.5148 0.514823
0.514845 0.514866 0.514885 0.514903 0.514919 0.514934 0.514948 0.51496
0.514971 0.51498 0.514989 0.514995 0.515001 0.515005 0.515007 0.515009
0.515008 0.515007 0.515004 0.515 0.514994 0.514987 0.514979 0.514969
0.514958 0.514945 0.514932 0.514916 0.5149 0.514882 0.514863 0.514842
0.51482 0.514797 0.514772 0.514746 0.514719 0.51469 0.51466 0.514629
0.514597 0.514563 0.514528 0.514491 0.514453 0.514414 0.514374 0.514332
0.514289 0.514245 0.5142 0.514153 0.514105 0.514056 0.514006 0.513954
0.513901 0.513847 0.513791 0.513735 0.513677 0.513618 0.513558 0.513497
0.513434 0.51337 0.513305 0.513239 0.513172 0.513104 0.513034 0.512964
0.512892 0.512819 0.512745 0.51267 0.512594 0.512517 0.512439 0.512359
0.512279 0.512198 0.512115 0.512032 0.511947 0.511862 0.511775 0.511688
0.511599 0.51151 0.511419 0.511328 0.511235 0.511142 0.511048 0.510953
0.510857 0.51076 0.510662 0.510563 0.510464 0.510363 0.510262 0.51016
0.510057 0.509953 0.509849 0.509743 0.509637 0.50953 0.509423 0.509314
0.509205 0.509095 0.508985 0.508873 0.508761 0.508649 0.508535 0.508421
0.508307 0.508191 0.508075 0.507959 0.507842 0.507724 0.507606 0.507487
0.507367 0.507247 0.507127 0.507006 0.506884 0.506762 0.506639 0.506516
0.506393 0.506269 0.506145 0.50602 0.505895 0.505769 0.505643 0.505517
0.50539 0.505263 0.505135 0.505008 0.50488 0.504751 0.504623 0.504494
0.504365 0.504235 0.504106 0.503976 0.503845 0.503715 0.503585 0.503454
0.503323 0.503192 0.503061 0.50293 0.502798 0.502667 0.502535 0.502404
0.502272 0.50214 0.502009 0.501877 0.501745 0.501613 0.501481 0.50135
0.501218 0.501086 0.500955 0.500823 0.500692 0.50056 0.500429 0.500298
0.500167 0.500036 0.499906 0.499775 0.499645 0.499515 0.499385 0.499255
0.499126 0.498997 0.498868 0.498739 0.498611 0.498483 0.498355 0.498228
0.498101 0.497974 0.497848 0.497722 0.497596 0.497471 0.497346 0.497221
0.497097 0.496974 0.496851 0.496728 0.496606 0.496484 0.496363 0.496242
0.496122 0.496003 0.495884 0.495765 0.495647 0.49553 0.495413 0.495297
0.495181 0.495066 0.494951 0.494838 0.494725 0.494612 0.4945 0.494389
0.494279 0.494169 0.49406 0.493952 0.493844 0.493737 0.493631 0.493526
0.493421 0.493317 0.493214 0.493112 0.49301 0.49291 0.49281 0.492711
0.492613 0.492515 0.492419 0.492323 0.492229 0.492135 0.492042 0.49195
0.491858 0.491768 0.491679 0.49159 0.491503 0.491416 0.491331 0.491246
0.491162 0.49108 0.490998 0.490917 0.490838 0.490759 0.490681 0.490604
0.490529 0.490454 0.49038 0.490308 0.490236 0.490166 0.490096 0.490028
0.48996 0.489894 0.489829 0.489765 0.489702 0.48964 0.489579 0.489519
0.489461 0.489403 0.489347 0.489292 0.489237 0.489184 0.489133 0.489082
0.489032 0.488984 0.488937 0.488891 0.488846 0.488802 0.488759 0.488718
0.488677 0.488638 0.4886 0.488563 0.488528 0.488493 0.48846 0.488428
0.488397 0.488368 0.488339 0.488312 0.488286 0.488261 0.488237 0.488215
0.488194 0.488174 0.488155 0.488137 0.488121 0.488106 0.488092 0.488079
0.488067 0.488057 0.488048 0.48804 0.488033 0.488027 0.488023 0.48802
0.488018 0.488017 0.488018 0.488019 0.488022 0.488026 0.488032 0.488038
0.488046 0.488055 0.488065 0.488076 0.488089 0.488102 0.488117 0.488133
0.488151 0.488169 0.488188 0.488209 0.488231 0.488254 0.488278 0.488304
0.48833 0.488358 0.488387 0.488417 0.488448 0.488481 0.488514 0.488549
0.488584 0.488621 0.488659 0.488698 0.488738 0.488779 0.488822 0.488865
0.48891 0.488955 0.489002 0.48905 0.489099 0.489149 0.4892 0.489252
0.489305 0.489359 0.489414 0.48947 0.489528 0.489586 0.489645 0.489705
0.489767 0.489829 0.489892 0.489956 0.490022 0.490088 0.490155 0.490223
0.490292 0.490362 0.490433 0.490504 0.490577 0.490651 0.490725 0.4908
0.490877 0.490954 0.491032 0.491111 0.49119 0.491271 0.491352 0.491435
0.491518 0.491601 0.491686 0.491772 0.491858 0.491945 0.492032 0.492121
0.49221 0.4923 0.492391 0.492482 0.492574 0.492667 0.492761 0.492855
0.49295 0.493045 0.493142 0.493239 0.493336 0.493434 0.493533 0.493632
0.493732 0.493833 0.493934 0.494035 0.494137 0.49424 0.494343 0.494447
0.494551 0.494656 0.494762 0.494867 0.494974 0.49508 0.495187 0.495295
0.495403 0.495512 0.49562 0.49573 0.495839 0.495949 0.49606 0.49617
0.496282 0.496393 0.496505 0.496617 0.496729 0.496842 0.496955 0.497068
0.497181 0.497295 0.497409 0.497523 0.497637 0.497752 0.497867 0.497982
0.498097 0.498212 0.498327 0.498443 0.498558 0.498674 0.49879 0.498906
0.499022 0.499138 0.499254 0.49937 0.499487 0.499603 0.499719 0.499835
0.499952 0.500068 0.500184 0.5003 0.500417 0.500533 0.500648 0.500764
0.50088 0.500996 0.501111 0.501227 0.501342 0.501457 0.501572 0.501687
0.501802 0.501916 0.50203 0.502144 0.502258 0.502372 0.502485 0.502598
0.502711 0.502823 0.502935 0.503047 0.503159 0.50327 0.503381 0.503491
0.503601 0.503711 0.503821 0.50393 0.504038 0.504147 0.504255 0.504362
0.504469 0.504576 0.504682 0.504787 0.504892 0.504997 0.505101 0.505205
0.505308 0.505411 0.505513 0.505614 0.505715 0.505816 0.505916 0.506015
0.506114 0.506212 0.50631 0.506406 0.506503 0.506598 0.506693 0.506788
0.506881 0.506974 0.507067 0.507159 0.50725 0.50734 0.507429 0.507518
0.507606 0.507694 0.507781 0.507866 0.507952 0.508036 0.50812 0.508203
0.508285 0.508366 0.508447 0.508526 0.508605 0.508683 0.50876 0.508837
0.508912 0.508987 0.509061 0.509134 0.509206 0.509277 0.509348 0.509417
0.509486 0.509554 0.509621 0.509686 0.509751 0.509816 0.509879 0.509941
0.510002 0.510063 0.510122 0.510181 0.510238 0.510295 0.51035 0.510405
0.510459 0.510511 0.510563 0.510614 0.510663 0.510712 0.51076 0.510806
0.510852 0.510897 0.51094 0.510983 0.511025 0.511065 0.511105 0.511144
0.511181 0.511218 0.511253 0.511288 0.511321 0.511353 0.511385 0.511415
0.511444 0.511472 0.511499 0.511525 0.51155 0.511574 0.511597 0.511619
0.511639 0.511659 0.511677 0.511695 0.511711 0.511727 0.511741 0.511754
0.511766 0.511777 0.511787 0.511796 0.511804 0.511811 0.511816 0.511821
0.511825 0.511827 0.511828 0.511829 0.511828 0.511826 0.511823 0.511819
0.511814 0.511808 0.511801 0.511793 0.511783 0.511773 0.511762 0.511749
0.511736 0.511721 0.511705 0.511689 0.511671 0.511652 0.511633 0.511612
0.51159 0.511567 0.511543 0.511518 0.511492 0.511465 0.511437 0.511408
0.511378 0.511347 0.511315 0.511282 0.511247 0.511212 0.511176 0.511139
0.511101 0.511062 0.511022 0.510981 0.510939 0.510897 0.510853 0.510808
0.510762 0.510716 0.510668 0.51062 0.51057 0.51052 0.510469 0.510417
0.510363 0.510309 0.510255 0.510199 0.510142 0.510085 0.510027 0.509967
0.509907 0.509846 0.509785 0.509722 0.509659 0.509594 0.509529 0.509464
0.509397 0.509329 0.509261 0.509192 0.509122 0.509052 0.508981 0.508909
0.508836 0.508762 0.508688 0.508613 0.508537 0.508461 0.508384 0.508306
0.508227 0.508148 0.508068 0.507988 0.507907 0.507825 0.507743 0.50766
0.507576 0.507492 0.507407 0.507321 0.507235 0.507149 0.507062 0.506974
0.506886 0.506797 0.506707 0.506618 0.506527 0.506436 0.506345 0.506253
0.506161 0.506068 0.505975 0.505881 0.505787 0.505692 0.505597 0.505502
0.505406 0.50531 0.505213 0.505116 0.505019 0.504921 0.504823 0.504724
0.504626 0.504527 0.504427 0.504328 0.504228 0.504128 0.504027 0.503926
0.503825 0.503724 0.503623 0.503521 0.503419 0.503317 0.503215 0.503112
0.50301 0.502907 0.502804 0.502701 0.502598 0.502494 0.502391 0.502287
0.502184 0.50208 0.501976 0.501872 0.501768 0.501664 0.501561 0.501456
0.501352 0.501248 0.501144 0.50104 0.500936 0.500833 0.500729 0.500625
0.500521 0.500417 0.500314 0.50021 0.500107 0.500004 0.4999 0.499797
0.499695 0.499592 0.499489 0.499387 0.499285 0.499183 0.499081 0.49898
0.498878 0.498777 0.498676 0.498576 0.498475 0.498375 0.498275 0.498176
0.498077 0.497978 0.497879 0.497781 0.497683 0.497585 0.497488 0.497391
0.497294 0.497198 0.497103 0.497007 0.496912 0.496818 0.496724 0.49663
0.496537 0.496444 0.496352 0.49626 0.496168 0.496077 0.495987 0.495897
0.495808 0.495719 0.495631 0.495543 0.495455 0.495369 0.495283 0.495197
0.495112 0.495027 0.494944 0.49486 0.494778 0.494696 0.494614 0.494533
0.494453 0.494374 0.494295 0.494217 0.494139 0.494062 0.493986 0.49391
0.493836 0.493761 0.493688 0.493615 0.493543 0.493472 0.493401 0.493331
0.493262 0.493194 0.493126 0.493059 0.492993 0.492928 0.492864 0.4928
0.492737 0.492675 0.492613 0.492553 0.492493 0.492434 0.492376 0.492319
0.492262 0.492206 0.492152 0.492098 0.492045 0.491992 0.491941 0.49189
0.491841 0.491792 0.491744 0.491697 0.491651 0.491605 0.491561 0.491517
0.491475 0.491433 0.491392 0.491352 0.491313 0.491275 0.491238 0.491202
0.491167 0.491132 0.491099 0.491066 0.491035 0.491004 0.490974 0.490946
0.490918 0.490891 0.490865 0.49084 0.490816 0.490793 0.490771 0.490749
0.490729 0.49071 0.490692 0.490674 0.490658 0.490642 0.490628 0.490614
0.490602 0.49059 0.49058 0.49057 0.490561 0.490554 0.490547 0.490541
0.490536 0.490532 0.49053 0.490528 0.490527 0.490527 0.490528 0.49053
0.490532 0.490536 0.490541 0.490547 0.490554 0.490561 0.49057 0.49058
0.49059 0.490602 0.490614 0.490628 0.490642 0.490657 0.490673 0.490691
0.490709 0.490728 0.490748 0.490769 0.490791 0.490813 0.490837 0.490862
0.490887 0.490914 0.490941 0.490969 0.490999 0.491029 0.49106 0.491091
0.491124 0.491158 0.491192 0.491228 0.491264 0.491301 0.491339 0.491378
0.491418 0.491458 0.4915 0.491542 0.491585 0.491629 0.491674 0.49172
0.491766 0.491813 0.491861 0.49191 0.49196 0.49201 0.492062 0.492114
0.492167 0.49222 0.492275 0.49233 0.492386 0.492442 0.4925 0.492558
0.492617 0.492676 0.492737 0.492798 0.49286 0.492922 0.492985 0.493049
0.493114 0.493179 0.493245 0.493311 0.493379 0.493446 0.493515 0.493584
0.493654 0.493724 0.493795 0.493867 0.493939 0.494012 0.494085 0.494159
0.494234 0.494309 0.494385 0.494461 0.494538 0.494615 0.494693 0.494771
0.49485 0.49493 0.495009 0.49509 0.495171 0.495252 0.495334 0.495416
0.495499 0.495582 0.495665 0.495749 0.495834 0.495918 0.496004 0.496089
0.496175 0.496261 0.496348 0.496435 0.496523 0.49661 0.496698 0.496787
0.496875 0.496964 0.497054 0.497143 0.497233 0.497323 0.497414 0.497504
0.497595 0.497686 0.497778 0.497869 0.497961 0.498053 0.498145 0.498238
0.49833 0.498423 0.498516 0.498609 0.498702 0.498795 0.498888 0.498982
0.499076 0.499169 0.499263 0.499357 0.499451 0.499545 0.499639 0.499733
0.499827 0.499921 0.500015 0.500109 0.500203 0.500297 0.500391 0.500485
0.500579 0.500673 0.500767 0.500861 0.500955 0.501048 0.501142 0.501235
0.501329 0.501422 0.501515 0.501608 0.501701 0.501793 0.501886 0.501978
0.50207 0.502162 0.502254 0.502345 0.502436 0.502527 0.502618 0.502709
0.502799 0.502889 0.502979 0.503068 0.503158 0.503246 0.503335 0.503423
0.503511 0.503599 0.503686 0.503773 0.50386 0.503946 0.504032 0.504118
0.504203 0.504287 0.504372 0.504456 0.504539 0.504622 0.504705 0.504787
0.504869 0.50495 0.505031 0.505112 0.505192 0.505271 0.50535 0.505428
0.505506 0.505584 0.505661 0.505737 0.505813 0.505888 0.505963 0.506037
0.506111 0.506184 0.506257 0.506328 0.5064 0.506471 0.506541 0.50661
0.506679 0.506748 0.506815 0.506882 0.506949 0.507015 0.50708 0.507144
0.507208 0.507271 0.507334 0.507395 0.507457 0.507517 0.507577 0.507636
0.507694 0.507752 0.507809 0.507865 0.50792 0.507975 0.508029 0.508082
0.508135 0.508187 0.508238 0.508288 0.508337 0.508386 0.508434 0.508481
0.508528 0.508573 0.508618 0.508662 0.508706 0.508748 0.50879 0.508831
0.508871 0.50891 0.508948 0.508986 0.509023 0.509059 0.509094 0.509128
0.509162 0.509194 0.509226 0.509257 0.509287 0.509317 0.509345 0.509373
0.509399 0.509425 0.50945 0.509475 0.509498 0.50952 0.509542 0.509563
0.509582 0.509601 0.50962 0.509637 0.509653 0.509669 0.509683 0.509697
0.50971 0.509722 0.509733 0.509743 0.509753 0.509761 0.509769 0.509776
0.509782 0.509786 0.509791 0.509794 0.509796 0.509798 0.509798 0.509798
0.509797 0.509795 0.509792 0.509788 0.509784 0.509778 0.509772 0.509764
0.509756 0.509747 0.509737 0.509727 0.509715 0.509703 0.509689 0.509675
0.50966 0.509644 0.509627 0.50961 0.509591 0.509572 0.509552 0.509531
0.509509 0.509487 0.509463 0.509439 0.509414 0.509388 0.509361 0.509333
0.509305 0.509276 0.509246 0.509215 0.509183 0.509151 0.509117 0.509083
0.509048 0.509013 0.508976 0.508939 0.508901 0.508862 0.508823 0.508783
0.508742 0.5087 0.508658 0.508614 0.50857 0.508526 0.50848 0.508434
0.508387 0.508339 0.508291 0.508242 0.508192 0.508142 0.508091 0.508039
0.507986 0.507933 0.507879 0.507825 0.50777 0.507714 0.507657 0.5076
0.507543 0.507484 0.507425 0.507366 0.507305 0.507245 0.507183 0.507121
0.507059 0.506995 0.506932 0.506867 0.506802 0.506737 0.506671 0.506604
0.506537 0.50647 0.506402 0.506333 0.506264 0.506194 0.506124 0.506054
0.505983 0.505911 0.505839 0.505767 0.505694 0.50562 0.505546 0.505472
0.505397 0.505322 0.505247 0.505171 0.505095 0.505018 0.504941 0.504864
0.504786 0.504708 0.504629 0.50455 0.504471 0.504392 0.504312 0.504232
0.504151 0.504071 0.50399 0.503908 0.503827 0.503745 0.503663 0.503581
0.503498 0.503415 0.503332 0.503249 0.503166 0.503082 0.502998 0.502914
0.50283 0.502746 0.502661 0.502577 0.502492 0.502407 0.502322 0.502237
0.502152 0.502066 0.501981 0.501895 0.50181 0.501724 0.501638 0.501552
0.501467 0.501381 0.501295 0.501209 0.501123 0.501037 0.500951 0.500865
0.500779 0.500694 0.500608 0.500522 0.500436 0.500351 0.500265 0.50018
0.500094 0.500009 0.499924 0.499839 0.499754 0.499669 0.499584 0.4995
0.499415 0.499331 0.499247 0.499163 0.499079 0.498996 0.498912 0.498829
0.498746 0.498664 0.498581 0.498499 0.498417 0.498336 0.498254 0.498173
0.498092 0.498011 0.497931 0.497851 0.497771 0.497692 0.497613 0.497534
0.497456 0.497378 0.4973 0.497223 0.497146 0.497069 0.496993 0.496917
0.496842 0.496767 0.496692 0.496618 0.496544 0.49647 0.496397 0.496325
0.496253 0.496181 0.49611 0.496039 0.495969 0.4959 0.49583 0.495762
0.495693 0.495626 0.495558 0.495492 0.495426 0.49536 0.495295 0.49523
0.495166 0.495103 0.49504 0.494978 0.494916 0.494855 0.494794 0.494734
0.494675 0.494616 0.494558 0.4945 0.494443 0.494387 0.494331 0.494276
0.494221 0.494168 0.494114 0.494062 0.49401 0.493959 0.493908 0.493858
0.493809 0.49376 0.493713 0.493665 0.493619 0.493573 0.493528 0.493484
0.49344 0.493397 0.493355 0.493313 0.493272 0.493232 0.493193 0.493154
0.493116 0.493079 0.493042 0.493007 0.492972 0.492937 0.492904 0.492871
0.492839 0.492808 0.492778 0.492748 0.492719 0.492691 0.492664 0.492637
0.492611 0.492586 0.492562 0.492538 0.492516 0.492494 0.492473 0.492452
0.492433 0.492414 0.492396 0.492379 0.492363 0.492347 0.492332 0.492318
0.492305 0.492293 0.492281 0.49227 0.49226 0.492251 0.492243 0.492235
0.492229 0.492223 0.492217 0.492213 0.49221 0.492207 0.492205 0.492204
0.492203 0.492204 0.492205 0.492207 0.49221 0.492214 0.492218 0.492224
0.49223 0.492237 0.492244 0.492253 0.492262 0.492272 0.492283 0.492295
0.492307 0.49232 0.492334 0.492349 0.492365 0.492381 0.492398 0.492416
0.492435 0.492454 0.492475 0.492496 0.492517 0.49254 0.492563 0.492587
0.492612 0.492638 0.492664 0.492691 0.492719 0.492747 0.492777 0.492807
0.492837 0.492869 0.492901 0.492934 0.492968 0.493002 0.493037 0.493073
0.493109 0.493146 0.493184 0.493223 0.493262 0.493302 0.493342 0.493384
0.493426 0.493468 0.493511 0.493555 0.4936 0.493645 0.493691 0.493737
0.493785 0.493832 0.493881 0.49393 0.493979 0.49403 0.49408 0.494132
0.494184 0.494236 0.49429 0.494343 0.494398 0.494453 0.494508 0.494564
0.494621 0.494678 0.494735 0.494794 0.494852 0.494912 0.494971 0.495032
0.495092 0.495154 0.495215 0.495277 0.49534 0.495403 0.495467 0.495531
0.495596 0.495661 0.495726 0.495792 0.495858 0.495925 0.495992 0.49606
0.496128 0.496196 0.496265 0.496334 0.496403 0.496473 0.496543 0.496614
0.496685 0.496756 0.496828 0.4969 0.496972 0.497045 0.497117 0.497191
0.497264 0.497338 0.497412 0.497486 0.49756 0.497635 0.49771 0.497786
0.497861 0.497937 0.498013 0.498089 0.498165 0.498242 0.498319 0.498396
0.498473 0.49855 0.498627 0.498705 0.498783 0.498861 0.498939 0.499017
0.499095 0.499173 0.499252 0.49933 0.499409 0.499488 0.499566 0.499645
0.499724 0.499803 0.499882 0.499961 0.50004 0.500119 0.500198 0.500277
0.500356 0.500435 0.500514 0.500593 0.500672 0.500751 0.500829 0.500908
0.500987 0.501066 0.501144 0.501223 0.501301 0.501379 0.501457 0.501535
0.501613 0.501691 0.501769 0.501846 0.501924 0.502001 0.502078 0.502155
0.502231 0.502308 0.502384 0.50246 0.502536 0.502611 0.502687 0.502762
0.502837 0.502911 0.502986 0.50306 0.503134 0.503207 0.503281 0.503354
0.503426 0.503499 0.503571 0.503643 0.503714 0.503785 0.503856 0.503926
0.503997 0.504066 0.504136 0.504205 0.504273 0.504342 0.504409 0.504477
0.504544 0.504611 0.504677 0.504743 0.504808 0.504873 0.504938 0.505002
0.505065 0.505128 0.505191 0.505253 0.505315 0.505377 0.505437 0.505498
0.505558 0.505617 